 num_atom           22
  0.39029491534793720       -7.1094521193484361E-002 -0.65801654581569746     
   1.3012147570764701       0.33841476495750222      -0.52293257119010861     
  0.75362880287573064       0.58097854367380697       -1.3237264703352287     
  -4.3293764125772127E-002 -0.33478943277622464       0.20806902544312783     
   1.3249197963798496        1.1144740921318053       0.12033305922088666     
   1.7893315653467763       0.54832319722495426       -1.3652184063764337     
  0.19216763443787035        1.4074036438536364       -1.3639592711400035     
  0.52480738900891888        1.0723056836507145      -0.48007306795439880     
  0.86852776082955296      -0.53047177866697370       0.58230965532184920     
 -0.93218406975930734        1.1087055763654407E-002  0.52167147917383383     
  0.83799474650224470        1.9611939751996743       0.33599211696636899     
   1.1234616181930421       0.76012513372892088        1.0357216642652141     
   2.7370518345509476       0.26329564867003086       -1.2228442371828263     
   1.8558557468690908       0.78760891528951749       -2.3338859852718525     
  0.64157366470537658        2.2740662775551481       -1.5807866163887616     
   9.5596517630590641E-002   2.1762528895148447      -0.73186366377922973     
 -0.25639830963615001       0.75315506229997942        5.9974559579104456E-002
  0.65511054422243153       0.38245943140188982       0.23812157350435187     
   1.3542625787803511      -0.66990330693060862      -0.28078578862396525     
   1.6407658017068383       0.10030412673373164       0.49071467307429412     
  -1.9284207355281731       0.10414804908187771       0.51708015226666693     
 -0.22574150761817385       0.20577470929667616        1.2021386892268069     
