 num_atom           46
  0.71949784989281851       0.52097160909174456        1.1406335061005122     
  0.29761318656759173        1.3575539418421225       0.76861552095937935     
  0.27687835472101663        9.1267768252460031E-003   1.8747104006438471     
  0.51680412523307506      -0.44517019308664241       0.92100777371865838     
  0.80514793578991339        1.0600392403886896       -3.9804924370121869E-002
 -0.32416014652391983        2.1447227579757424       0.75312556633808270     
 -0.47940592245801633       0.64213270810453793        2.0407154170862984     
 -0.65713475653300324      -0.33810956346734666        1.9557754430359950     
 -0.19887943175019238       -1.0319404536644039        1.3066808572768946     
   3.8525091249359211E-002  -1.1168081714573415       0.33713526065324928     
   1.2305062663590893       0.25076259034885873      -0.44673844563349568     
  0.89045285513412475        1.6070594567390870      -0.87082781892741168     
 -0.45517181968124587        1.7734343479630583      -0.16616950567017119     
  -1.2676233571499833        2.4778681258269790       0.82038371534189547     
 -0.62058317052446388       0.53472923157714825        3.0256681050427039     
 -0.27919929123391363       0.59776600496035781        1.0619508889448943     
 -0.65183664370186833       -1.3185690597701107        2.1520405062605583     
  -1.6443356771117796      -0.24956043582802326        2.0934959728826281     
 -0.18574136402464331       -2.0091853640811599        1.0864915225171947     
 -0.43689371282588113      -0.30372381560112915       0.66058412817219192     
 -0.42783126559488333       -1.1385476972631214      -0.54760238710461084     
 -0.92523379236411463       -1.1744816575666290       0.62816824188113063     
   1.4220206110523470      -0.72226445837101050      -0.31771517717928116     
   1.3218515327708125       -1.3658255511413593E-002  0.51333324886577947     
  0.39017219997469360        2.4114198105685194      -0.55034068666988345     
  0.74478390732843136        1.8552341359185958       -1.8285281302249126     
  -1.0012750376600883        1.6394515835811689      -0.99310353820344410     
  -1.0914618364010666        1.5296718279453450       0.56816751186801817     
  -2.0368954469652092        3.1068060395088741       0.70619950727572844     
  -2.1424683611336528        2.2849594519535001        1.2660410440676755     
  -1.0176537260533147        1.0745349404070825        3.7680444514773495     
 -0.86675782055868256       -9.1029996810967545E-002   3.7659575255855016     
 -0.55342620856601388       0.81894144689952386       0.12185367336775745     
  0.27440191862377683       0.28065136515983430       0.27979157171429681     
  -2.5931654176326396E-002  -2.0165917755304590        2.4999316283696573     
  -1.1146746311210689       -2.1643334393490830        2.4174903351117751     
  -2.1916776609521675        1.0541304785774053E-002   1.2972688758362139     
  -1.6295702101827410       0.69424656938567209        1.7626529376044273     
  0.33320676057456666       -2.8607806486530505        1.1654555577205363     
 -0.65611546790881781       -2.8629981250958201        1.3111834240567175     
  -1.3072097025246678      -0.10939363276260362       0.20327995635587956     
 -0.45209526861920107       -8.2196486400443927E-002 -0.31444547295611464     
  -6.8208391420578482E-002  -1.2053282134491605       -1.4786686356339236     
  -1.0263804895587181       -1.4256640907781839       -1.2960260022998507     
  -1.8942964985590982      -0.92730131614693057       0.57805606963587974     
  -1.2826195774759883      -0.41520923933453674        1.1810594270728483     
