 num_atom           94
 -0.51801518420537873      -0.76140114609382659       0.66934396078775593     
  -1.3738955342404340      -0.64612946754581957        1.1747326367995963     
   5.0567819871491212E-002 -0.25072691762902422        2.2900699944880740E-002
 -0.29457273119169425       -1.5525201191336915        1.2394657018722497     
 -0.77156717573052880      -0.48529617000532083        1.9572292494480665     
  -2.3209027457022033      -0.92988417202548856        1.3312658719674313     
  -5.3432609946717648E-002 -0.84961485452273777      -0.78031550140497863     
  0.54594352162404913       0.21944986270296002       0.76553854635423191     
 -0.77790478808319774       -1.5069236314152246        2.1154968268623975     
  0.20777407033314613       -1.7167024630368368       0.38853125379435499     
 -0.34956127305418688      -0.59213704842782244        2.8578337491224857     
   4.9002313052275391E-003  0.13020011414398028        2.0904908552600592     
  -3.2657832006523644      -0.62432110225584958        1.4522212959638401     
  -2.4263000319213002       -1.8297614265586581        1.7554488421473802     
  0.41969154449973189       -1.6231032211735041       -1.2311213350731880     
   8.6577321371976129E-002   5.2890333670422465E-002  -1.1939246112946349     
   1.2889102376794195      -0.30246395435713813        1.2065469130248738     
   1.0359413563566231       0.34912979783390580      -0.10050850795448583     
  -1.6779703076208137       -1.8185737467808436        2.4233121258985491     
  -1.1573082222971705       -1.1692046136868020        2.9777357640391524     
   1.0411486041074689       -2.2646547280354232       0.46622200498221233     
  0.73386173438295044       -1.2877653539399283      -0.34569821632252140     
  0.41294218946055600      -0.56926043784869085        3.5044331296347901     
 -0.41430318014591194       -1.0857345966786205        3.7254336046700356     
   6.7787326772981143E-003   1.0594106477086258        1.7209286140153637     
  0.89282204299694223       0.56270900828696380        1.9339965313024954     
  -3.9823822092613042        3.7265606625777721E-002   1.6740647918580380     
  -4.2073724596835831      -0.93327888815152960        1.5879092878412804     
  -2.4086929414193849       -2.8078596453198421        1.9643873560049070     
  -1.5061611934550885       -1.6020081778110291        1.4370214008318618     
   1.3963814325903618       -1.6626911065832153      -0.98696392818289258     
   1.1068846710405338       -1.8547995718993280       -1.9238818827303621     
  0.50167794397927312       0.83913564866724066       -1.6576803417463846     
 -0.35307747357755165       0.44934542362107621       -2.0006203021746325     
   1.8265449286220692       -1.1504304065504676        1.1994191301229817     
   1.8532169680904698      -0.54436654009336416        1.9937349058235008     
   1.1023505095949511       0.24063720742863628       -1.0932294351528640     
  0.67349758420744033        1.0629112142735908      -0.69889267739509719     
  -2.5266977028639035       -2.2219079164510473        2.7660461536114873     
  -2.4823643898605523       -1.2421954996490474        2.5709931575668659     
  -1.1998918822251632      -0.46801079816451074        3.6898347496048536     
  -1.7841117500439172       -1.2773973228609570        3.7496545447593213     
   1.5050156718546419       -1.3980321005855987       0.28548687899400677     
   1.9883043563530856       -2.2603096480574942       0.14487268973315248     
  0.85612668045330631      -0.72576361422113189       -1.1747386928227395     
   1.5635308364909610      -0.73496267917298652      -0.47033367387004876     
   1.3340324768758660      -0.95843660909595629        3.5166215088969337     
   1.1493349283565313       -5.5772305398655138E-002   3.9449506343201981     
  0.11469429255364683       -1.1407283660393699        4.5723023615262077     
 -0.83777640087746086       -1.4450074376594915        4.5570871505841586     
  0.35371283930705716        1.8612139686359728        1.2343579033048959     
 -0.53885314103700255        1.4566562201192965       0.98303850459043052     
   1.6843639612832566       0.73381909427014314        1.3473183171047716     
   1.2349766854198563        1.5013545593847588        1.8906983780766986     
  -4.8029226846725876       0.45385982677869124        2.0655171309896598     
  -4.6438903504277338       0.49379451899112098        1.0790517555088315     
  -5.0611559233864600      -0.98575079500691343        2.1059591999991154     
  -5.0847395558766548      -0.92475034590635630        1.1081001130093253     
  -2.8883276653874512       -3.2587649377518675        2.7172757067226807     
  -1.8893650621311173       -3.2794999954839539        2.6770831198331737     
  -2.2363286694749624       -1.7536967011030202       0.77080368201596183     
  -1.6822336540791099      -0.87267474547600754        2.0986100920261279     
   2.2436340628049702       -2.1576691378851947       -1.1842693738021868     
   2.2190508215875453       -1.4865770178955267      -0.44330309201939283     
   1.5340785783313589       -1.7071671736445335       -2.8161447863752000     
   2.0593223424992244       -1.5508318313230998       -1.9795960188382824     
   1.1082398587684070        1.0507380841835141       -2.4242961818641633     
  0.19109187273865108        1.4471089001722337       -2.3877927113084323     
  -1.3272762712021171       0.65121688212132367       -1.8991138770752045     
 -0.76670896282336276        1.1943835329284729       -2.5242012967437999     
   2.7607008166587397       -1.5064447681531075        1.1571868674936205     
   1.9895999534835564       -2.1362779216647501        1.2505338414567171     
   2.2542419418013955      -0.86109241876171627        2.8533433133238812     
   2.2769884600174106       -1.4493430480261871        2.0449846100992528     
  0.71777455505001830       -8.7760789399031383E-002  -1.9568504194111243     
   1.6209658103617073       0.33970591900119657       -1.9429161170760083     
   1.1959513462031854        1.6744381981735825       -1.2933795306812206     
   2.9867895605597258E-002   1.6119458665988016       -1.2332281709259225     
  -3.2537511491325346       -2.2863851261022252        2.0822099218500352     
  -3.4485093513884499       -2.4959987493576121        3.0404026483801041     
  -3.3991120599380009       -1.3014388465142557        2.1758368118286326     
  -3.2556097052170072       -1.5199614411514279        3.1410595580497147     
  -1.5797203804192224        9.7372087037458740E-002   4.4220436430599168     
 -0.75831554720176808      -0.44863454699055477        4.5869359496035882     
  -2.5605817987986388       -1.2095846442672749        4.3762069327435285     
  -1.6618409766024478      -0.87152117573032861        4.6554523906455039     
  0.95851259335593209      -0.55852333240939989       0.30431833251039453     
  0.83421078286676820       -1.2517742735376989        1.0142142351143211     
   2.9020448775596757       -1.8553377112600704       0.18840267903172775     
   2.7591485696931493       -2.8002176649332111       0.48299140648876737     
   1.4786342850507297      -0.73768275760933899       -1.9574535425658419     
  0.51308145969078967       -1.0618491710463416       -2.0530406551525027     
   2.0554108403197282        6.0083877717495390E-002 -0.82603406760330100     
   2.1772716663990876      -0.85178218198643874       -1.2511341171360131     
