 num_atom           10
   9.2369814403076497E-003 -0.47324648408969799      -0.46920708490462903     
 -0.88035815448876131      -0.16067805687327244      -0.13001390893892942     
  0.98594029659058380      -0.58348347450344951      -0.29409816797796595     
 -0.11447220097169120       0.48151606054723634      -0.16702521406103671     
  -1.3301816011972512       0.37530211297332550       0.58439782411317154     
 -0.10941678568244489      -0.26202237892027247       0.50112071989566676     
  0.65480020811065087       0.23809824835420590      -0.75776012020067585     
  0.36385367382780126       -1.1143025016375474       0.28168236697545318     
  0.22110442124536317       0.64496297228335076       0.76214429061874411     
 -0.52759785151721639       0.16402153777510944       -1.0221065607878879     
